$coord
    0.00084274718833     -0.00015740451438      0.00006401702382      c
   -1.55577637922762      1.24722361298503     -0.70873815063999      h
    1.24747864259928      1.55718783736300      0.70764030938274      h
    1.55611738014180     -1.24919736758084     -0.70740441319739      h
   -1.24866239070178     -1.55505667825279      0.70843823743083      h
$redundant
     number_of_atoms             5
     degrees_of_freedom          9
     internal_coordinates        9
     frozen_coordinates          0
# definitions of redundant internals
   1 k  1.0000000000000 stre    1    4           val=   2.11648
   2 k  1.0000000000000 stre    1    3           val=   2.11662
   3 k  1.0000000000000 stre    1    5           val=   2.11678
   4 k  1.0000000000000 stre    1    2           val=   2.11694
   5 k  0.0008198395496 bend    3    4    1      val=   0.00089
        0.0028745017867 bend    5    4    1
       -0.7071205654548 bend    5    3    1
        0.7070807067814 bend    2    4    1
       -0.0028069064409 bend    2    3    1
       -0.0007525870678 bend    2    5    1
   6 k -0.6884997032523 bend    3    4    1      val=   0.17864
        0.1661036304165 bend    5    4    1
        0.0014405900128 bend    5    3    1
        0.0016411420701 bend    2    4    1
       -0.1645591341712 bend    2    3    1
        0.6865080227484 bend    2    5    1
   7 k -0.1653320019712 bend    3    4    1      val=   0.10097
       -0.6876269327229 bend    5    4    1
       -0.0020724290815 bend    5    3    1
        0.0038192101963 bend    2    4    1
        0.6873742755540 bend    2    3    1
        0.1653246941509 bend    2    5    1
   8 k  0.4987940136865 bend    3    4    1      val=   0.01082
       -0.4996325505454 bend    5    4    1
        0.0000511416731 bend    5    3    1
        0.0000510200153 bend    2    4    1
       -0.5003859406136 bend    2    3    1
        0.5011843488814 bend    2    5    1
   9 k -0.2030738471453 bend    3    4    1      val=  48.78463
       -0.2041606823065 bend    5    4    1
        0.6451192608768 bend    5    3    1
        0.6451872869215 bend    2    4    1
       -0.2050959554587 bend    2    3    1
       -0.2063239721913 bend    2    5    1
         9 non zero eigenvalues  of BmBt
           1           3.594458318    1    0
         1
           2           3.594150398    2    0
         2
           3           2.631566960    3    0
         3
           4           1.000000000    4    0
         4
           5           0.848129766    5    0
         5
           6           0.802925207    6    0
         6
           7           0.620994322    7    0
         7
           8           0.620935306    8    0
         8
           9           0.536221011    9    0
         9
$user-defined bonds
$end
