$coord
   -0.00115627677826     -1.28225218579877     -0.61598185229325      si
    0.00700035129222      2.20006589600569     -1.15896195249942      h
   -0.00053638554336      2.26215432948848      0.32516560218069      h
    2.43459795927086     -1.59621225620704      0.72661653583618      h
   -2.43990564824148     -1.58375578348835      0.72316166677581      h
$redundant
     number_of_atoms             5
     degrees_of_freedom          9
     internal_coordinates        9
     frozen_coordinates          0
# definitions of redundant internals
   1 k  1.0000000000000 stre    1    5           val=   2.79852
   2 k  1.0000000000000 stre    1    4           val=   2.79894
   3 k  0.2828323682677 bend    4    5    1      val=  97.96901
        0.4599081302565 bend    2    5    1
        0.4609908105296 bend    2    4    1
        0.4969566792083 bend    3    5    1
        0.4990109164954 bend    3    4    1
   4 k  0.0165568429448 bend    4    5    1      val=   0.41292
       -0.5481572114240 bend    2    5    1
        0.5382581147263 bend    2    4    1
       -0.4541545181369 bend    3    5    1
        0.4508563164720 bend    3    4    1
   5 k  0.9380682713639 bend    4    5    1      val=  38.10277
       -0.2306862247941 bend    2    5    1
       -0.2506906873354 bend    2    4    1
       -0.0358690078740 bend    3    5    1
       -0.0517627038313 bend    3    4    1
   6 k  0.0005914405008 bend    4    5    1      val=   0.03081
       -0.4523363872548 bend    2    5    1
        0.4528156920099 bend    2    4    1
        0.5435388302279 bend    3    5    1
       -0.5430607075341 bend    3    4    1
   7 k  1.0000000000000 stre    1    2           val=   3.52441
   8 k  1.0000000000000 stre    2    3           val=   1.48544
   9 k  1.0000000000000 stre    3    1           val=   3.66723
         9 non zero eigenvalues  of BmBt
           1           3.367054374    1    0
         1
           2           2.735519221    2    0
         2
           3           1.995951971    3    0
         3
           4           1.770640026    4    0
         4
           5           0.987977722    5    0
         5
           6           0.482169099    6    0
         6
           7           0.445926964    7    0
         7
           8           0.401952134    8    0
         8
           9           0.128705973    9    0
         9
$user-defined bonds
$end
